ri
1.51618
1.51622
1.51627
1.51621
1.51495
1.51495
1.51495
1.51504
1.51498
1.51491
1.51498
1.51617
1.51619
1.52364
1.52364
1.52363
1.52366
1.5237
1.52366
1.52367
1.52367
1.52364
1.52371
1.52366
1.52366
1.51834
1.51832
1.51836
1.51832
1.51834
1.51835
1.51834
1.5183
1.51831
1.51833
1.51832
1.5183
1.5183
1.51831
1.51832
1.51833
1.51835
1.51837
1.51837
1.51837
1.51795
1.51795
1.51802
1.51812
1.51823
1.51821
1.51827
1.51821
1.51825
1.51827
1.51828
1.51832
1.5183
1.51827
1.52132
1.52138
1.52137
1.52137
1.52123
1.52128
1.52134
1.52138
1.52133
1.51823
1.51826
1.51827
1.52132
1.52137
1.52139
1.51604
1.51611
1.51607
1.51608
1.51605
1.51602
1.51604
1.51606
1.51604
1.5161
1.51604
1.51603
1.51602
1.51773
1.51781
1.51775
1.51778
1.51775
1.51778
1.51781
1.51778
1.51779
1.51772
1.51774
1.51591
1.51593
1.51592
1.51592
1.51593
1.51598
1.51598
1.516
1.51595
1.52419
1.52416
1.52416
1.52419
1.52419
1.52418
1.52419
1.52416
1.52417
1.52415
1.51588
1.51589
1.5159
1.51591
1.51592
1.51593
1.51593
1.51594
1.52403
1.52405
1.52411
1.52412
1.52414
1.52414
1.52415
1.52415
1.52416
1.52411
1.52412
1.52415
1.51613
1.51615
1.51608
1.51613
1.51611
1.51612
1.51612
1.51614
1.51613
1.51615
1.51683
1.5161
1.51615
1.51931
1.51932
1.51916
1.51929
1.51933
1.51928
1.51931
1.51931
1.51932
1.51909
1.51929
1.51934
1.51896
1.51893
1.51886
1.51896
1.51892
1.5188
1.51895
1.51893
1.51893
1.51894
1.51894
1.51925
1.51934
1.51936
1.51852
1.52413
1.52032
1.51916
1.52336
1.51932
1.52028
1.52089
1.51557
1.51593
1.51606
1.5201
1.51611
1.51899
1.5189
1.51891
1.51896
1.51901
1.51917
1.51928
1.52088
1.52099
1.51774
1.52075
1.51919
1.5192
1.51928
1.51881
1.51941
1.51897
1.51932
1.5192
1.51926
1.51926
1.51947
1.52031
1.51917
1.51919
1.5192
1.5192
1.51926
1.51926
1.51928
1.51928
1.51932
1.51941
1.51881
1.5189
1.51891
1.51896
1.51897
1.51901
1.52088
1.52099
1.51774
1.51947
1.52031
1.52075
1.51457
1.51459
1.51456
1.51461
1.51461
1.51463
1.51459
1.51459
1.51459
1.51458
1.51459
1.5146
1.51458
1.51457
1.5146
1.51458
1.51464
1.51459
1.51459
1.51456
1.51459
1.51455
1.51455
1.51456
1.51456
1.51457
1.51457
1.51457
1.51457
1.51457
1.51459
1.5146
1.51461
1.51461
1.51462
1.5161
1.51611
1.51616
1.51611
1.51617
1.51614
1.51617
1.51613
1.51612
1.51597
1.51607
1.51592
1.51596
1.51601
1.51606
1.51606
1.51608
1.51608
1.51611
1.51613
1.51611
1.51597
1.51599
1.516
1.516
1.51601
1.51604
1.51611
1.51612
1.51613
1.51614
1.51601
1.51602
1.51605
1.51606
1.51606
1.51608
1.51608
1.5161
1.51615
1.51602
1.52904
1.52908
1.52914
1.52912
1.52915
1.52902
1.52909
1.52903
1.52114
1.52118
1.52122
1.52123
1.52117
1.52123
1.52121
1.52116
1.52118
1.52105
1.52124
1.52114
1.52117
1.51498
1.51502
1.51498
1.51495
1.51496
1.51499
1.515
1.51503
1.51495
1.51483
1.51478
1.51496
1.51499
1.51499
1.51486
1.51493
1.51496
1.51499
1.51489
1.52108
1.52114
1.52114
1.52116
1.52118
1.52119
1.5212
1.52121
1.52123
1.52123
1.52123
1.52126
1.5212
1.52125
1.51486
1.51492
1.51498
1.51498
1.51499
1.5148
1.51482
1.51487
1.51488
1.51488
1.51496
1.51499
1.51871
1.51873
1.51877
1.51883
1.51881
1.51886
1.51884
1.51878
1.51875
1.51881
1.5188
1.51882
1.51827
1.51835
1.51828
1.5183
1.5183
1.51835
1.51841
1.51873
1.5188
1.5188
1.51881
1.51882
1.51882
1.52209
1.52209
1.52205
1.52206
1.52205
1.52207
1.52209
1.52209
1.52205
1.52205
1.51886
1.51892
1.51978
1.51955
1.52203
1.52206
1.52207
1.52208
1.52208
1.52209
1.5221
1.5221
1.5221
1.52229
1.52247
1.52333
1.52372
1.52371
1.52379
1.52371
1.52374
1.52377
1.52375
1.52375
1.52377
1.52379
1.52367
1.52146
1.52153
1.52153
1.52153
1.52151
1.52153
1.52154
1.52153
1.52153
1.52151
1.5215
1.52054
1.52054
1.52054
1.52054
1.52148
1.5215
1.52151
1.52151
1.52152
1.52152
1.52152
1.52153
1.52154
1.52155
1.52156
1.52368
1.52371
1.52371
1.52371
1.52372
1.52375
1.52378
1.5238
1.52396
1.52304
1.52301
1.52302
1.523
1.52398
1.52303
1.52392
1.52307
1.523
1.52304
1.52303
1.523
1.52388
1.52397
1.52398
1.51681
1.51679
1.51687
1.51685
1.51687
1.51686
1.51686
1.51686
1.51678
1.5168
1.51683
1.51821
1.51763
1.51815
1.51816
1.51832
1.51806
1.51824
1.51811
1.51832
1.51814
1.5183
1.51815
1.51806
1.518
1.51791
1.51808
1.51862
1.51852
1.51854
1.51842
1.51863
1.51924
1.51906
1.51914
1.51923
1.51906
1.51502
1.51497
1.51503
1.51506
1.515
1.52036
1.52041
1.51905
1.51913
1.51832
1.52007
1.52058
1.51811
1.51818
1.51821
1.51824
1.51793
1.51803
1.51608
1.51836
1.51857
1.52324
1.51487
1.51489
1.51897
1.51908
1.51511
1.5154
1.51793
1.51812
1.51852
1.52221
1.5181
1.51812
1.51815
1.51815
1.51784
1.51788
1.51788
1.51788
1.51799
1.51801
1.51804
1.51813
1.51814
1.51967
1.51971
1.51971
1.51959
1.51968
1.51963
1.51968
1.51971
1.5197
1.51921
1.51965
1.51967
1.51968
1.51971
1.51975
1.51981
1.51985
1.51456
1.51453
1.51445
1.51455
1.51443
1.51445
1.51463
1.51463
1.51443
1.51459
1.51443
1.51447
1.51449
1.5145
1.5145
1.51451
1.51453
1.51455
1.51456
1.51461
1.51657
1.51649
1.51652
1.51652
1.51653
1.51654
1.51655
1.5165
1.51658
1.51663
1.51653
1.51664
1.51613
1.51615
1.51571
1.51569
1.51581
1.51558
1.51558
1.51558
1.51574
1.51573
1.51569
1.51565
1.51561
1.51567
1.51569
1.5157
1.51563
1.51565
1.51561
1.51561
1.51561
1.51563
1.51568
1.51558
1.51559
1.51563
1.51563
1.5159
1.51584
1.51586
1.51465
1.51471
1.51467
1.5144
1.51443
1.51448
1.51541
1.51656
1.51662
1.51654
1.51653
1.51645
1.5165
1.51654
1.51656
1.51657
1.5163
1.51636
1.51643
1.5165
1.51557
1.5156
1.51564
1.51564
1.51566
1.51563
1.51571
1.51561
1.51561
1.51561
1.51558
1.5156
1.51563
1.51558
1.51558
1.51555
1.5156
1.51563
1.51565
1.51564
1.51557
1.51681
1.51551
1.51562
1.52353
1.52361
1.52345
1.52358
1.52352
1.52346
1.52348
1.52342
1.51902
1.51898
1.51901
1.51903
1.51899
1.51895
1.51876
1.51897
1.51892
1.519
1.51895
1.51823
1.51831
1.51819
1.51985
1.5198
1.51984
1.51984
1.51965
1.51961
1.51968
1.51897
1.51696
1.51799
1.51799
1.518
1.51797
1.51798
1.51799
1.51798
1.51797
1.51795
1.51795
1.51822
1.51829
1.51795
1.51796
1.51796
1.51796
1.51797
1.51797
1.51797
1.518
1.518
1.51804
1.51716
1.51719
1.51715
1.51712
1.51713
1.51718
1.51715
1.51715
1.51717
1.51718
1.51713
1.51714
1.51715
1.51716
1.51716
1.51718
1.51719
1.51719
1.51721
1.51721
1.51722
1.51713
1.51714
1.51715
1.51715
1.51716
1.51716
1.51716
1.51716
1.51717
1.51718
1.5159
1.51583
1.5158
1.51578
1.51585
1.51581
1.51872
1.51809
1.51869
1.5187
1.5187
1.5187
1.51866
1.5186
1.51865
1.51873
1.51862
1.51867
1.5187
1.51869
1.51869
1.51875
1.51869
1.51863
1.51852
1.51854
1.51859
1.51866
1.51867
1.51869
1.51869
1.51872
1.51872
1.51873
1.51874
1.51874
1.51589
1.51848
1.51581
1.51587
1.51583
1.51587
1.51586
1.51587
1.51585
1.51587
1.51586
1.51575
1.51589
1.51578
1.51586
1.51584
1.5158
1.51834
1.51834
1.5183
1.51584
1.51585
1.51586
1.51587
1.51587
1.51587
1.51587
1.51581
1.51584
1.51586
1.51589
1.51583
1.51587
1.51479
1.51476
1.51478
1.51474
1.51482
1.51474
1.51475
1.51477
1.5147
1.5148
1.51478
1.51481
1.51581
1.51584
1.51584
1.51582
1.51582
1.51582
1.51585
1.51581
1.51579
1.51581
1.51576
1.5158
1.51581
1.51584
1.51587
1.51578
1.51578
1.51584
1.51576
1.51578
1.51578
1.5158
1.51581
1.51581
1.51584
1.51584
1.51584
1.51587
1.51616
1.51626
1.51619
1.51608
1.51621
1.51616
1.51617
1.51613
1.51618
1.51617
1.5162
1.51613
1.51624
1.51616
1.51619
1.51626
1.51614
1.51619
1.51737
1.51739
1.51736
1.51736
1.51783
1.51792
1.51784
1.51788
1.51894
1.51868
1.51861
1.5186
1.51887
1.51863
1.51866
1.51759
1.51764
1.51755
1.51621
1.51628
1.51633
1.51592
1.51647
1.51875
1.51926
1.5197
1.51613
1.51614
1.51614
1.51614
1.51615
1.51617
1.51617
1.51617
1.51619
1.51624
1.51971
1.51971
1.51878
1.51884
1.51756
1.51821
1.51835
1.51511
1.51587
1.5162
1.51624
1.51844
1.51893
1.51567
1.51567
1.51566
1.51565
1.51567
1.51568
1.51569
1.51569
1.51563
1.51563
1.51577
1.51582
1.51582
1.51583
1.51583
1.5158
1.5158
1.51581
1.5158
1.51581
1.51675
1.51576
1.51576
1.51579
1.5158
1.51582
1.51583
1.51584
1.51835
1.51839
1.52531
1.5246
1.52449
1.52507
1.52453
1.52534
1.52453
1.5253
1.52451
1.52471
1.51806
1.52199
1.52444
1.52259
1.52258
1.52261
1.52259
1.5226
1.52261
1.52257
1.52258
1.52256
1.52259
1.52257
1.52256
1.5167
1.51671
1.52257
1.52258
1.5226
1.52265
1.52265
1.51572
1.51557
1.51561
1.51567
1.51565
1.51573
1.51579
1.51581
1.51561
1.51567
1.51569
1.51561
1.51561
1.51565
1.51569
1.51534
1.51534
1.51537
1.51537
1.51536
1.51537
1.5153
1.51536
1.51543
1.51534
1.51524
1.5153
1.5153
1.51531
1.51531
1.51535
1.51537
1.51541
1.51541
1.51543
1.51529
1.51581
1.51524
1.5153
1.51534
1.51534
1.51528
1.51528
1.51529
1.51531
1.51533
1.52135
1.52134
1.52127
1.52132
1.52127
1.52136
1.52135
1.52137
1.52148
1.51763
1.51766
1.51775
1.51767
1.51793
1.51782
1.51772
1.51781
1.51778
1.51786
1.51769
1.51766
1.51768
1.51767
1.51772
1.51839
1.51843
1.51856
1.5185
1.51855
1.5184
1.51857
1.51838
1.51843
1.51842
1.51839
1.51841
1.51842
1.51843
1.51844
1.51845
1.51846
1.51847
1.5185
1.51854
1.51854
1.51855
1.51859
1.51552
1.5194
1.52008
1.52026
1.52073
1.52216
1.51471
1.51478
1.51474
1.51476
1.51477
1.51474
1.51482
1.5147
1.51474
1.51477
1.51499
1.51507
1.51474
1.51475
1.51477
1.51832
1.51825
1.51819
1.51831
1.51825
1.52329
1.51829
1.51828
1.5183
1.51827
1.51826
1.51821
1.51825
1.51825
1.51827
1.51831
1.51831
1.51831
1.51834
1.51836
1.5184
1.5155
1.51558
1.51542
1.51541
1.5155
1.51549
1.51556
1.51554
1.5155
1.51548
1.51548
1.51554
1.51555
1.51555
1.51558
1.51548
1.51551
1.52591
1.5259
1.52589
1.52587
1.52587
1.52585
1.52585
1.52585
1.52586
1.52585
1.51943
1.51933
1.51934
1.51938
1.51937
1.51943
1.51936
1.51935
1.51936
1.5194
1.5193
1.51944
1.51943
1.51946
1.51941
1.5194
1.51941
1.51941
1.51943
1.51938
1.52643
1.52657
1.52658
1.52654
1.52656
1.52657
1.52657
1.52652
1.52657
1.52659
1.52581
1.52583
1.52586
1.52587
1.52588
1.52598
1.51929
1.51938
1.52243
1.52613
1.52655
1.52675
1.51741
1.51777
1.52012
1.52033
1.52157
1.52332
1.51897
1.51895
1.51899
1.519
1.51895
1.51899
1.51899
1.51901
1.51888
1.51897
1.51896
1.51882
1.51889
1.51891
1.51893
1.51894
1.51895
1.51895
1.51895
1.51895
1.51896
1.51896
1.51896
1.51898
1.51901
1.51858
1.51865
1.51882
1.51886
1.51886
1.51888
1.51888
1.51889
1.51891
1.51895
1.51897
1.51897
1.51897
1.51897
1.51899
1.51899
1.51899
1.519
1.51817
1.51835
1.51825
1.51819
1.51818
1.51828
1.51828
1.51824
1.51818
1.51828
1.51825
1.51829
1.51826
1.51815
1.5182
1.51826
1.51826
1.51828
1.51591
1.51586
1.5158
1.51587
1.51561
1.51564
1.51567
1.51571
1.51683
1.51685
1.51637
1.51687
1.51687
1.51692
1.52177
1.52157
1.52163
1.52158
1.52171
1.52173
1.52112
1.51682
1.52152
1.51588
1.51581
1.51586
1.51579
1.51582
1.51587
1.51584
1.51588
1.51583
1.51577
1.51583
1.51585
1.5214
1.52301
1.516
1.52114
1.51379
1.51377
1.5137
1.51086
1.51583
1.52041
1.52103
1.52132
1.52333
1.52179
1.51857
1.51858
1.51855
1.51866
1.5186
1.51862
1.51855
1.51861
1.51856
1.51858
1.51863
1.5186
1.52425
1.51863
1.52856
1.51854
1.51858
1.5186
1.51858
1.51863
1.51826
1.5183
1.51865
1.51851
1.48915
1.48905
1.4891
1.48912
1.489
1.48894
1.489
1.48894
1.48897
1.48894
1.48893
1.48897
1.48898
1.48899
1.51624
1.51622
1.51628
1.51619
1.51632
1.51625
1.5163
1.51612
1.5161
1.51602
1.51612
1.51613
1.51614
1.51616
1.51628
1.51633
1.51637
1.51652
1.51661
1.51567
1.52657
1.52659
1.52662
1.52657
1.52661
1.52662
1.52649
1.52657
1.5265
1.52651
1.5265
1.52652
1.52655
1.5265
1.52648
1.52649
1.52654
1.52655
1.52655
1.52658
1.52659
1.52659
1.52659
1.52661
1.52661
1.5265
1.52654
1.5264
1.52647
1.52648
1.52648
1.52649
1.5265
1.52653
1.52657
1.52657
1.52657
1.52652
1.52654
1.52655
1.52656
1.52656
1.52656
1.52657
1.51854
1.5184
1.51834
1.51836
1.51828
1.51834
1.51837
1.51843
1.51846
1.51834
1.51841
1.51832
1.51846
1.51829
1.51833
1.5184
1.51889
1.51889
1.51903
1.51851
1.51837
1.51843
1.51835
1.51841
1.51834
1.51823
1.5183
1.5183
1.51831
1.51834
1.51836
1.51837
1.51847
1.51857
1.51893
1.51836
1.51841
1.51842
1.52359
1.52363
1.5238
1.52367
1.52372
1.5236
1.52364
1.52364
1.52363
1.52366
1.52032
1.52036
1.52141
1.52138
1.52142
1.52149
1.5214
1.52142
1.52142
1.52142
1.52148
1.52146
1.52152
1.51906
1.52359
1.51489
1.51487
1.51496
1.51485
1.51486
1.51486
1.51496
1.51454
1.5149
1.51486
1.51483
1.51484
1.51484
1.51484
1.51498
1.51502
1.51479
1.51927
1.51933
1.51933
1.51929
1.51931
1.51927
1.51928
1.51931
1.51929
1.51929
1.51927
1.51924
1.5193
1.51929
1.51928
1.51935
1.51933
1.51678
1.51706
1.51744
1.516
1.5169
1.51683
1.51698
1.51698
1.51696
1.51694
1.51693
1.51694
1.51699
1.51698
1.516
1.51585
1.51577
1.51592
1.51596
1.51589
1.51588
1.51571
1.51572
1.51572
1.51569
1.51568
1.5157
1.5157
1.51572
1.51575
1.51562
1.51873
1.51872
1.51876
1.51871
1.51881
1.51875
1.51868
1.51879
1.51879
1.51849
1.51877
1.518
1.51831
1.5186
1.51873
1.51884
1.51883
1.51876
1.51883
1.51885
1.51884
1.51886
1.518
1.51885
1.51879
1.51882
1.51876
1.51896
1.51875
1.51886
1.5188
1.51886
1.51884
1.518
1.51884
1.51886
1.51892
1.5188
1.51888
1.51884
1.5188
1.51882
1.51883
1.51882
1.518
1.52294
1.52297
1.52297
1.52292
1.52307
1.522
1.52304
1.5231
1.52303
1.52302
1.52299
1.5229
1.523
1.52299
1.52302
1.52299
1.522
1.52294
1.52297
1.52297
1.52292
1.52307
1.522
1.52304
1.5231
1.52303
1.52302
1.52299
1.5229
1.523
1.52299
1.52302
1.52299
1.522
1.52444
1.52421
1.52421
1.52428
1.52415
1.524
1.52419
1.52424
1.5241
1.52417
1.52407
1.52416
1.52417
1.52418
1.52413
1.52418
1.524
1.5245
1.52449
1.52439
1.52444
1.5246
1.52455
1.5245
1.52447
1.5244
1.52442
1.52442
1.524
1.52452
1.52452
1.52453
1.52451
1.5246
1.52447
1.52449
1.52447
1.52452
1.52449
1.52446
1.524
1.51806
1.51812
1.51815
1.51812
1.5182
1.51803
1.51805
1.51807
1.51805
1.51804
1.51813
1.51815
1.51802
1.51813
1.51809
1.51803
1.51815
1.51807
1.51816
1.51819
1.51807
1.51804
1.51808
1.51808
1.51812
1.51808
1.51815
1.51811
1.51801
1.5181
1.51986
1.51982
1.51982
1.51993
1.5199
1.51991
1.519
1.51984
1.51983
1.5198
1.51985
1.51984
1.51987
1.51977
1.51981
1.51983
1.51985
1.519
1.51853
1.51858
1.51853
1.51858
1.51856
1.51864
1.51844
1.51845
1.51843
1.51857
1.51853
1.51852
1.518
1.51859
1.51861
1.51851
1.51862
1.51853
1.51857
1.51853
1.51846
1.51853
1.5185
1.518
1.51585
1.51587
1.51584
1.51577
1.51579
1.51585
1.51584
1.51581
1.51586
1.51586
1.51587
1.51587
1.51577
1.51586
1.51961
1.51969
1.51972
1.51964
1.51993
1.51979
1.51968
1.51993
1.51972
1.51966
1.51974
1.5197
1.51974
1.51984
1.51971
1.51995
1.51984
1.51971
1.51997
1.51998
1.51992
1.51965
1.51994
1.52005
1.51967
1.51961
1.51966
1.51962
1.51959
1.51961
1.51964
1.51961
1.51961
1.51971
1.5142
1.51481
1.51472
1.51435
1.51425
1.51496
1.51448
1.51476
1.51462
1.51444
1.51509
1.51489
1.51409
1.51458
1.5147
1.51481
1.51403
1.51479
1.51468
1.51472
1.51469
1.51479
1.51435
1.51469
1.51505
1.51426
1.51429
1.51484
1.51437
1.51418
1.514
1.51676
1.51679
1.51683
1.51668
1.51681
1.51684
1.51668
1.51668
1.51675
1.516
1.5168
1.51678
1.5168
1.51664
1.51668
1.51666
1.51674
1.51674
1.51668
1.51674
1.51663
1.51659
1.51664
1.516
1.5251
1.52504
1.52517
1.525
1.52502
1.525
1.52508
1.52506
1.52508
1.52507
1.52504
1.52508
1.5251
1.52502
1.52502
1.52517
1.52518
1.52514
1.525
1.51705
1.51703
1.51707
1.51706
1.51712
1.517
1.51701
1.51703
1.51711
1.51707
1.51716
1.51702
1.517
1.51714
1.51705
1.51714
1.51708
1.51704
1.51712
1.51706
1.51705
1.51717
1.51708
1.517
1.51565
1.51568
1.51571
1.515
1.51594
1.51594
1.51596
1.51598
1.51601
1.516
1.516
1.51574
1.51573
1.51576
1.51576
1.51576
1.51579
1.5158
1.51575
1.51566
1.51566
1.51566
1.51571
1.51568
1.51569
1.51569
1.5158
1.51581
1.51568
1.51568
1.51586
1.51568
1.51566
1.51594
1.51587
1.51574
1.5157
1.51587
1.51586
1.51577
1.51601
1.515
1.51586
1.51581
1.51581
1.51575
1.51583
1.51579
1.51579
1.51577
1.51574
1.51571
1.5159
1.51582
1.51588
1.51576
1.51574
1.51575
1.5159
1.51592
1.51586
1.51583
1.51835
1.5183
1.51838
1.51834
1.51818
1.5183
1.51831
1.51828
1.518
1.51833
1.51832
1.5184
1.51834
1.51826
1.51828
1.51844
1.51838
1.51836
1.51829
1.518
1.51555
1.5155
1.51548
1.51551
1.515
1.51547
1.51555
1.51557
1.51548
1.51552
1.51556
1.51554
1.51556
1.51559
1.51557
1.515
1.51571
1.51579
1.51585
1.51569
1.51599
1.5159
1.51583
1.51576
1.51579
1.51571
1.51731
1.5159
1.51587
1.51587
1.5159
1.51595
1.5159
1.51592
1.51588
1.51587
1.5159
1.51738
1.51736
1.51735
1.51735
1.51737
1.51732
1.51737
1.51739
1.51736
1.51738
1.527348
1.527311
1.527352
1.527192
1.527359
1.527333
1.527355
1.527
1.52734
1.527329
1.527329
1.527355
1.527337
1.527355
1.527333
1.527329
1.527355
1.527355
1.527337
1.527337
1.527
1.51611
1.51615
1.51617
1.51613
1.51603
1.51614
1.51612
1.516
1.51617
1.51616
1.51607
1.51619
1.5163
1.51616
1.51617
1.51603
1.51615
1.51618
1.51614
1.51622
1.51621
1.51615
1.51606
1.51612
1.51623
1.51612
1.51607
1.51615
1.51606
1.51624
1.51608
1.51623
1.51616
1.51613
1.51619
1.51609
1.51616
1.5162
1.51604
1.51607
1.519315
1.519337
1.519363
1.519
1.519293
1.519374
1.519304
1.519308
1.519345
1.519334
1.519311
1.519378
1.519326
1.519356
1.519
1.51594
1.51592
1.51588
1.51616
1.51594
1.51589
1.51586
1.51588
1.51591
1.51594
1.515
1.51585
1.5159
1.51586
1.51591
1.5159
1.51577
1.51588
1.51581
1.51589
1.51584
1.515
1.5159
1.5159
1.51592
1.51601
1.5159
1.516
1.51596
1.515
1.51609
1.51588
1.51603
1.51587
1.51593
1.51617
1.51614
1.51584
1.51586
1.5159
1.515
1.51602
1.51597
1.51607
1.51623
1.51601
1.51603
1.51606
1.51606
1.51658
1.516
1.51607
1.51607
1.51638
1.51601
1.51599
1.51611
1.51607
1.516
1.51609
1.51606
1.5161
1.51608
1.51603
1.51604
1.51603
1.51603
1.51608
1.51603
1.51603
1.515
1.521017
1.521006
1.521013
1.521042
1.521035
1.521068
1.521031
1.521072
1.521
1.521098
1.521076
1.521079
1.521024
1.521039
1.521054
1.521072
1.521076
1.52105
1.521061
1.521
1.515372
1.515469
1.5152
1.515
1.515172
1.515246
1.515216
1.515194
1.515287
1.51532
1.51528
1.515298
1.515254
1.515306
1.515
1.51576
1.516
1.51583
1.51594
1.51598
1.51601
1.51603
1.516
1.51626
1.51597
1.515
1.51588
1.5156
1.51561
1.51565
1.51598
1.516
1.51561
1.51611
1.51536
1.51605
1.515
1.5168
1.516
1.51663
1.51666
1.51677
1.51647
1.51664
1.51672
1.51685
1.51656
1.51645
1.51668
1.516
1.52136
1.52145
1.52152
1.52141
1.52151
1.52142
1.52134
1.52154
1.52136
1.52141
1.52149
1.521
1.52146
1.52162
1.52146
1.52139
1.52156
1.52143
1.52142
1.5214
1.52139
1.52156
1.521
1.51815
1.51818
1.51818
1.51819
1.51819
1.51822
1.51821
1.51827
1.51828
1.51829
1.51828
1.518
1.51813
1.51813
1.51818
1.51818
1.51829
1.51836
1.51825
1.51826
1.51818
1.51818
1.51811
1.51815
1.51818
1.5182
1.518
1.51576
1.51561
1.51574
1.515
1.5157
1.51581
1.51572
1.5157
1.51567
1.51569
1.51566
1.5159
1.51567
1.51569
1.515
1.5167
1.51665
1.51662
1.51667
1.51677
1.51666
1.51662
1.51677
1.51668
1.51658
1.51665
1.51659
1.5165
1.51599
1.51565
1.51558
1.51564
1.5159
1.51593
1.51593
1.51597
1.51595
1.51588
1.51593
1.51597
1.51599
1.51599
1.5168
1.51632
1.51599
1.515005
1.51814
1.5182
1.51864
1.51839
1.51872
1.51873
1.51868
1.51863
1.51866
1.51882
1.51904
1.51868
1.51867
1.5187
1.51861
1.51872
1.51866
1.51845
1.51859
1.51868
1.51873
1.518
1.51954
1.51969
1.519
1.51967
1.51966
1.5197
1.51974
1.51973
1.5197
1.51973
1.51969
1.51971
1.5197
1.519
1.52115
1.52118
1.521
1.52115
1.52107
1.52112
1.52111
1.52111
1.52108
1.52104
1.52104
1.52101
1.5211
1.52115
1.521
1.51675
1.51675
1.51672
1.51678
1.51682
1.51677
1.51679
1.5168
1.5168
1.51681
1.516
1.51682
1.5169
1.51683
1.51679
1.51683
1.51681
1.516
1.51817
1.51822
1.51801
1.51816
1.51818
1.51814
1.518
1.51817
1.51809
1.51816
1.51809
1.51814
1.51813
1.5182
1.51811
1.51819
1.51819
1.51823
1.5182
1.518
1.51709
1.51729
1.51705
1.51716
1.51716
1.51703
1.51701
1.51706
1.51706
1.51712
1.51706
1.51722
1.51704
1.51721
1.51718
1.51705
1.51711
1.51714
1.51708
1.51711
1.51718
1.51703
1.51712
1.51729
1.51701
1.51706
1.51713
1.52145
1.52151
1.5215
1.52146
1.52158
1.52153
1.52152
1.52165
1.5214
1.52145
1.52153
1.5215
1.52158
1.52149
1.52153
1.52153
1.5216
1.5216
1.52152
1.52152
1.52148
1.52151
1.521
1.51542
1.51554
1.51564
1.51567
1.51569
1.51571
1.51571
1.51579
1.515
1.5156
1.51563
1.51564
1.51564
1.51566
1.51567
1.51569
1.5157
1.5157
1.51571
1.51572
1.51572
1.51572
1.51575
1.51575
1.5157
1.51576
1.515
1.51996
1.519
1.52
1.51996
1.51994
1.51996
1.51997
1.51994
1.51994
1.51994
1.51993
1.51992
1.519
1.51826
1.5182
1.518
1.51821
1.51821
1.51819
1.51815
1.51816
1.51817
1.51817
1.51813
1.51813
1.51814
1.518
1.51957
1.51963
1.51978
1.51976
1.51993
1.51963
1.51973
1.51966
1.519
1.51983
1.5196
1.51938
1.51965
1.51918
1.51966
1.519
1.51827
1.51839
1.518
1.5182
1.51824
1.51826
1.51845
1.51823
1.5183
1.51846
1.51819
1.51827
1.5184
1.518
1.51929
1.52282
1.52289
1.51925
1.51931
1.51962
1.51964
1.51934
1.51936
1.51931
1.51931
1.51943
1.51925
1.51927
1.5193
1.51937
1.51932
1.51928
1.51933
1.51933
1.51924
1.51929
1.51932
1.51931
1.51929
1.51916
1.51931
1.51914
1.51929
1.51933
1.51603
1.51611
1.5161
1.51615
1.51603
1.51619
1.51613
1.51622
1.51604
1.5161
1.51601
1.51605
1.51618
1.51611
1.51604
1.51603
1.51612
1.51602
1.51963
1.51959
1.51945
1.51947
1.51934
1.51941
1.51937
1.51937
1.51945
1.51944
1.51953
1.519
1.5197
1.51951
1.51951
1.51952
1.51952
1.51954
1.51955
1.51956
1.5195
1.51961
1.519
1.55554
1.54255
1.5407
1.53216
1.519
1.55888
1.56333
1.5574
1.56111
1.55369
1.55888
1.54404
1.54478
1.56296
1.55443
1.5574
1.519
